-7.442233159483890859e-01 8.834718105649884412e-02 -4.553245964994008244e-01
-7.349273729816461209e-01 7.430475162739852424e-02 -4.841513683289808689e-01
-7.237084265293166618e-01 5.761899653557194662e-02 -5.108106596174625258e-01
-7.114285612380838453e-01 3.835683149452916857e-02 -5.351625685810520450e-01
-6.990305604963474861e-01 1.660304507802481955e-02 -5.572383352947021251e-01
-6.874539261803314094e-01 -7.480806073057667122e-03 -5.772333763948290786e-01
-6.775556282887496007e-01 -3.361426434936631152e-02 -5.954846501389954305e-01
-6.700464166976141112e-01 -6.138472395453172664e-02 -6.124319014381827131e-01
-6.654515849390469917e-01 -9.026620005210217457e-02 -6.285649220515288071e-01
-6.641006099749587888e-01 -1.196639310182878446e-01 -6.443623845120105553e-01
-6.661440789341032120e-01 -1.489718368344699062e-01 -6.602309194991085040e-01
-6.715904489276478539e-01 -1.776274837208585977e-01 -6.764546562628760418e-01
-6.803512928078194744e-01 -2.051516535457165724e-01 -6.931645654769476028e-01
-6.922830346001080937e-01 -2.311657391780158888e-01 -7.103335024975184764e-01
-7.072159938443008942e-01 -2.553877464005621656e-01 -7.277975573888059158e-01
-7.249668855279588486e-01 -2.776141405558216757e-01 -7.452985398955698226e-01
-7.453369508454541492e-01 -2.976981353314860357e-01 -7.625377601457459242e-01
-7.681025940434226262e-01 -3.155344446348372633e-01 -7.792290347302477382e-01
-7.930072494095073976e-01 -3.310565265522021350e-01 -7.951396852063490339e-01
-8.197617238223259273e-01 -3.442465575112629850e-01 -8.101119429902605695e-01
-8.480561758991542742e-01 -3.551528912742624167e-01 -8.240625669439629597e-01
-8.775818310492711216e-01 -3.639064479325698209e-01 -8.369640843125184526e-01
-9.080564075287049786e-01 -3.707273669925887360e-01 -8.488153496481378735e-01
-9.392455309274015951e-01 -3.759162431521012593e-01 -8.596109998739640545e-01
-9.709736710835051854e-01 -3.798292188113007173e-01 -8.693185311495282841e-01
-1.003121751545174467e+00 -3.828414203471447452e-01 -8.778685953843742285e-01
-1.035613105921137755e+00 -3.853069884786768928e-01 -8.851597785072155000e-01
-1.068393160167695255e+00 -3.875251158123517725e-01 -8.910748972218690556e-01
-1.101409767547403717e+00 -3.897198028071767184e-01 -8.955029037553874360e-01
-1.134600060739700877e+00 -3.920371218247196143e-01 -8.983595140743437790e-01
-1.167886582267467999e+00 -3.945589248893250356e-01 -8.996007425593355311e-01
-1.201181637527884982e+00 -3.973276292065349713e-01 -8.992261204042916178e-01
-1.234395820170065106e+00 -4.003741816267282760e-01 -8.972716057587655225e-01
-1.267445617303532890e+00 -4.037411454979825676e-01 -8.937950878217443273e-01
-1.300256201206379414e+00 -4.074949423841126017e-01 -8.888591719322330720e-01
-1.332758315949176264e+00 -4.117248586166499247e-01 -8.825162286904971731e-01
-1.364881292811232383e+00 -4.165303804701631085e-01 -8.747995707360074480e-01
-1.396546300080470759e+00 -4.220016317997495880e-01 -8.657225394772458671e-01
-1.427664047716257212e+00 -4.281993343673434760e-01 -8.552849069696418782e-01
-1.458139269085218626e+00 -4.351404646210955129e-01 -8.434840009064733524e-01
-1.487881202663081659e+00 -4.427938414809494128e-01 -8.303268484585057951e-01
-1.516816339614105003e+00 -4.510868760168192937e-01 -8.158396287491113119e-01
-1.544898203987682406e+00 -4.599215068499928338e-01 -8.000717340138991940e-01
-1.572109624414516516e+00 -4.691947979150627446e-01 -7.830934179007430496e-01
-1.598455668814336983e+00 -4.788184430998386754e-01 -7.649878608410338732e-01
-1.623949115852608260e+00 -4.887318039566799777e-01 -7.458400009986191348e-01
-1.648593536944452875e+00 -4.989049818805162961e-01 -7.257252760212905551e-01
-1.672370406669527521e+00 -5.093312872669422120e-01 -7.047013155485637448e-01
-1.695235491561190022e+00 -5.200115400800722210e-01 -6.828046831579677178e-01
-1.717126422949258879e+00 -5.309350641958938688e-01 -6.600532772274730897e-01
-1.737979068329962962e+00 -5.420633079511981700e-01 -6.364533936447032136e-01
-1.757746740753657555e+00 -5.533213666217917659e-01 -6.120091856582190459e-01
-1.776414875294687779e+00 -5.646004070330814528e-01 -5.867316834486449029e-01
-1.794005205749874321e+00 -5.757706962476133450e-01 -5.606448120842302263e-01
-1.810567259648683036e+00 -5.867015672468870457e-01 -5.337868752987771082e-01
-1.826159772238580503e+00 -5.972822646074313901e-01 -5.062074316192748391e-01
-1.840828579260891162e+00 -6.074370291119823850e-01 -4.779609235053063898e-01
-1.854589123283176155e+00 -6.171293173428149537e-01 -4.490993800636273736e-01
-1.867420214477185869e+00 -6.263533601248977289e-01 -4.196666994978807685e-01
-1.879271606390927829e+00 -6.351153766470600814e-01 -3.896963788181356803e-01
-1.890082774464507898e+00 -6.434103634694587903e-01 -3.592133178791367398e-01
-1.899805973903435641e+00 -6.512022173295362037e-01 -3.282389083681647168e-01
-1.908424875685277078e+00 -6.584142741977528912e-01 -2.967975137033548316e-01
-1.915961573852954958e+00 -6.649342044813684183e-01 -2.649220343394285693e-01
-1.922469025441129187e+00 -6.706325019534207232e-01 -2.326566730333568811e-01
-1.928011456148308600e+00 -6.753890602595019610e-01 -2.000561071018518156e-01
-1.932639878867085770e+00 -6.791191933177594953e-01 -1.671816347996968877e-01
-1.936371856096250843e+00 -6.817901308292294571e-01 -1.340959837125360876e-01
-1.939183190887625807e+00 -6.834218113242641612e-01 -1.008589275932399582e-01
-1.941014848467305320e+00 -6.840709281660551921e-01 -6.752547647945270071e-02
-1.941792712442213409e+00 -6.838030019604162124e-01 -3.414732413607350636e-02
-1.941452910904609253e+00 -6.826617440883879784e-01 -7.768714625238632267e-04
-1.939963268342747904e+00 -6.806464669367811027e-01 3.252796926894364893e-02
-1.937332810115747428e+00 -6.777060722201228016e-01 6.570039373091156321e-02
-1.933605689023399243e+00 -6.737527727670341582e-01 9.866446885844945558e-02
-1.928841766376176103e+00 -6.686918968242587802e-01 1.313385440937819004e-01
-1.923091153022260524e+00 -6.624582232178449770e-01 1.636413266860778648e-01
-1.916372365997744964e+00 -6.550464516011180738e-01 1.954984701970198802e-01
-1.908662466024653837e+00 -6.465248089507952267e-01 2.268471718371711798e-01
-1.899903066313899158e+00 -6.370261688667173683e-01 2.576369245689043574e-01
-1.890020113475520569e+00 -6.267187166143666222e-01 2.878260189075114717e-01
-1.878950095065071491e+00 -6.157655264866767064e-01 3.173750958571897041e-01
-1.866662819011480456e+00 -6.042868022108794923e-01 3.462403368263253789e-01
-1.853172107652631961e+00 -5.923382547691021793e-01 3.743691859159475332e-01
-1.838530224496172760e+00 -5.799140188920918204e-01 4.017006401039560637e-01
-1.822807932692769972e+00 -5.669742060782444470e-01 4.281703800998158949e-01
-1.806067483618688074e+00 -5.534884518345556392e-01 4.537190015712745383e-01
-1.788338516344704088e+00 -5.394807209781088408e-01 4.783001463963245659e-01
-1.769605803493399243e+00 -5.250594746790404610e-01 5.018850680936131070e-01
-1.749813405968439817e+00 -5.104217173657672468e-01 5.244613033875354935e-01
-1.728883757497526652e+00 -4.958281230901454006e-01 5.460253206256717728e-01
-1.706744776236787997e+00 -4.815565118508508546e-01 5.665714747549588370e-01
-1.683355335707743761e+00 -4.678489113396319121e-01 5.860813416660041186e-01
-1.658720337095014097e+00 -4.548703960967336313e-01 6.045177563434996904e-01
-1.632890814065917517e+00 -4.426945835141369301e-01 6.218263918449196126e-01
-1.605950319225179834e+00 -4.313219753048767036e-01 6.379449161041078620e-01
-1.577994022760258908e+00 -4.207260763323679154e-01 6.528166435630422537e-01
-1.549109497675749569e+00 -4.109122200298169214e-01 6.664033771777075899e-01
-1.519367113555972315e+00 -4.019688094266063993e-01 6.786917984253856284e-01
-1.488823770200040197e+00 -3.940922415911540244e-01 6.896896505369556341e-01
-1.457538070991037937e+00 -3.875748409066795963e-01 6.994115757863138549e-01
-1.425590234498674391e+00 -3.827571511355903899e-01 7.078585853402155070e-01
-1.393098018882709344e+00 -3.799579512060016762e-01 7.149982081452922467e-01
-1.360221530433959103e+00 -3.794032721740521197e-01 7.207530716438860230e-01
-1.327154389734082951e+00 -3.811766946037514203e-01 7.250034669617032579e-01
-1.294104481062215761e+00 -3.852067641415053423e-01 7.276048527100016372e-01
-1.261272034907329864e+00 -3.912954534409184282e-01 7.284157307846270690e-01
-1.228834134663668198e+00 -3.991780836678595623e-01 7.273268721022346783e-01
-1.196942171070420002e+00 -4.085944775622249447e-01 7.242812885303486770e-01
-1.165733141109406068e+00 -4.193469464301353700e-01 7.192765790491680855e-01
-1.135349160147361314e+00 -4.313245171452869120e-01 7.123469593615058271e-01
-1.105954798371897585e+00 -4.444834679771899055e-01 7.035297468058319126e-01
-1.077741014584028711e+00 -4.587883876506749781e-01 6.928278159789797996e-01
-1.050908289062494561e+00 -4.741310707597697904e-01 6.801830436571374428e-01
-1.025629016318129416e+00 -4.902524191436872791e-01 6.654743727045968615e-01
-1.001997775902775389e+00 -5.066926384978212017e-01 6.485477217077469936e-01
-9.799845994043493436e-01 -5.227873985598523454e-01 6.292751394939744003e-01
-9.594081666201325076e-01 -5.377147098850919571e-01 6.076302584875532542e-01
-9.399419016363280699e-01 -5.505831147131916570e-01 5.837595903298320454e-01
-9.211571263353838246e-01 -5.605407113010250075e-01 5.580272461096130732e-01
-9.025964689752209447e-01 -5.668797239244461883e-01 5.310153901654276476e-01
-8.838612041118929508e-01 -5.691138949020455584e-01 5.034732408049764629e-01
-8.646913391866949405e-01 -5.670146716323235525e-01 4.762209311286506597e-01
-8.450187751362344679e-01 -5.606039403468118243e-01 4.500271770810324035e-01
-8.249813268723010795e-01 -5.501121460925991746e-01 4.254877008517534698e-01
-8.048963523792120878e-01 -5.359177982817940888e-01 4.029322350592517976e-01
-7.852035917694966116e-01 -5.184858898624187251e-01 3.823812784020287903e-01
-7.663940381371850963e-01 -4.983189061163543210e-01 3.635614216819603173e-01
-7.489430567499060221e-01 -4.759268084965408430e-01 3.459735467566654732e-01
-7.332614311811034291e-01 -4.518144785534619623e-01 3.289956658696090996e-01
-7.196695311620017188e-01 -4.264792791143666717e-01 3.119950980445035937e-01
-7.083906987465161675e-01 -4.004092828876948396e-01 2.944248351831761368e-01
-6.995536799697501529e-01 -3.740745016127869915e-01 2.758858730926211922e-01
-6.931927743656958185e-01 -3.479079257430395811e-01 2.561484989301692772e-01
-6.892386210585209616e-01 -3.222783780363935313e-01 2.351373928226957177e-01
-6.875003684943170601e-01 -2.974611358635906311e-01 2.128942936907459171e-01
-6.876481308048343344e-01 -2.736137520460207861e-01 1.895354383571719870e-01
-6.892096337842298359e-01 -2.507633497468658157e-01 1.652184433368452388e-01
-6.915943902720641523e-01 -2.288087202819308608e-01 1.401261758184737249e-01
-6.941522180074465309e-01 -2.075371759671342797e-01 1.144662881325985565e-01
-6.962622453845459525e-01 -1.866535696456256554e-01 8.847771469567279612e-02
-6.974372059388427303e-01 -1.658178436763706465e-01 6.243210896543740368e-02
-6.974197289385942744e-01 -1.446877537735941077e-01 3.661996918561491454e-02
-6.962455250968568876e-01 -1.229642249982734054e-01 1.131729632493541811e-02
-6.942539202433158918e-01 -1.004371534012668404e-01 -1.326320611041342454e-02
-6.920378282827271965e-01 -7.702873434647738993e-02 -3.702506681145237982e-02
-6.903397453878059586e-01 -5.282966739186333721e-02 -6.002992136436872961e-02
-6.899135521220481904e-01 -2.812170690096757811e-02 -8.251410326692876218e-02
-6.913801154122550807e-01 -3.379276325746882661e-03 -1.048713184054872599e-01
-6.951057521576323728e-01 2.075561930113323933e-02 -1.276012616702248970e-01
-7.011265886800611691e-01 4.352674615768787475e-02 -1.512328230022617348e-01
-7.091308004230428841e-01 6.414058037202198526e-02 -1.762370021447156321e-01
-7.184979727823672668e-01 8.185551314635068632e-02 -2.029470163028954943e-01
-7.283838397051763947e-01 9.606712730794250699e-02 -2.315008939213981376e-01
-7.378319398736687962e-01 1.063721755270433666e-01 -2.618160432541250526e-01
-7.458921910538245381e-01 1.125973805529439514e-01 -2.935977945256713073e-01
-7.517292825044796789e-01 1.147868631705722675e-01 -3.263769586525275268e-01
-7.547092443802023709e-01 1.131519932045332161e-01 -3.595668042353395433e-01
-7.544583846699940421e-01 1.079969562329949895e-01 -3.925283527540177619e-01
-7.508933112502560459e-01 9.963949621193146644e-02 -4.246342538136784195e-01
