7.918361689694783379e-02 4.482554904619133751e-01 3.130287434605792396e-01
7.970925394919770035e-02 4.678097012148749734e-01 3.296131540808767690e-01
7.789177285372347881e-02 4.876241054540995656e-01 3.458011547647754091e-01
7.408978286625493570e-02 5.074231211141038145e-01 3.616608885179533606e-01
6.868212163345406573e-02 5.270414935185900873e-01 3.772751374275542524e-01
6.202380126199412425e-02 5.464483697218757152e-01 3.926731682206751617e-01
5.441514188653817641e-02 5.657324378792012443e-01 4.077921870494071177e-01
4.608613183783011324e-02 5.850551242927992668e-01 4.224810692842274062e-01
3.719431692291245983e-02 6.045879643133664771e-01 4.365430794054362962e-01
2.783251287247550526e-02 6.244539663678181363e-01 4.498003337332389107e-01
1.804253199231162924e-02 6.446902291565879128e-01 4.621555904955074734e-01
7.832257059638692009e-03 6.652414015969086991e-01 4.736287945262550592e-01
-2.805324626425494041e-03 6.859834724042155329e-01 4.843556010259010836e-01
-1.387208354620107949e-02 7.067681192195446327e-01 4.945490193742417828e-01
-2.534545519171414046e-02 7.274722431392547373e-01 5.044382074286818396e-01
-3.716321262793362973e-02 7.480368434203334971e-01 5.142057386729147472e-01
-4.921690263451621028e-02 7.684838232624969789e-01 5.239439862652651714e-01
-6.135832864381085550e-02 7.889069214053707757e-01 5.336432242165043416e-01
-7.342104793085781067e-02 8.094411447678703242e-01 5.432118981868736540e-01
-8.525447528654643559e-02 8.302212757461996384e-01 5.525179086094452741e-01
-9.676312159522637568e-02 8.513425193732528928e-01 5.614329543387334143e-01
-1.079396716077358348e-01 8.728347157050856397e-01 5.698623525376943499e-01
-1.188798904420474145e-01 8.946566552958679086e-01 5.777498777774419114e-01
-1.297707559769906427e-01 9.167106832721496623e-01 5.850581128946531484e-01
-1.408503398149643648e-01 9.388719903389906030e-01 5.917352516070123469e-01
-1.523469108349529144e-01 9.610233883174017500e-01 5.976851706639964013e-01
-1.644126363446599126e-01 9.830857206178005292e-01 6.027566125638247341e-01
-1.770711889150457241e-01 1.005036161938560602e+00 6.067598326234039385e-01
-1.901966404818584144e-01 1.026910552604797688e+00 6.095079007932745485e-01
-2.035331762404971045e-01 1.048790281942537428e+00 6.108692704347751246e-01
-2.167533718849589119e-01 1.070777879276687106e+00 6.108123322190682769e-01
-2.295405791382146565e-01 1.092967625171272994e+00 6.094238697074786382e-01
-2.416723446107834350e-01 1.115417950461399688e+00 6.068914353155215879e-01
-2.530798568985818120e-01 1.138131404458518459e+00 6.034519294861732108e-01
-2.638642853285867451e-01 1.161046053563316693e+00 5.993207722157276596e-01
-2.742631402257086903e-01 1.184039842356321426e+00 5.946236557586046523e-01
-2.845748606686849258e-01 1.206947106436277117e+00 5.893531438199409722e-01
-2.950630274075519144e-01 1.229584312916708111e+00 5.833650641532153180e-01
-3.058686120621979532e-01 1.251780386980828830e+00 5.764171069664048019e-01
-3.169570487272768133e-01 1.273405851412872547e+00 5.682384885634248484e-01
-3.281168968316566237e-01 1.294394719150689488e+00 5.586095204218263222e-01
-3.390114071399864537e-01 1.314753906510397252e+00 5.474267721814121135e-01
-3.492681697964662990e-01 1.334557012358668748e+00 5.347342198058462337e-01
-3.585802780391602607e-01 1.353922471941785499e+00 5.207116698610620986e-01
-3.667888134137937683e-01 1.372979787781594130e+00 5.056251628059668102e-01
-3.739221271050119366e-01 1.391830873691234149e+00 4.897555662465405413e-01
-3.801805924913278512e-01 1.410515517372195937e+00 4.733275312138839896e-01
-3.858720905751608088e-01 1.428989782229120209e+00 4.564597227031937376e-01
-3.913182712272121888e-01 1.447123574240678945e+00 4.391495128664315017e-01
-3.967600386449102179e-01 1.464719055326166641e+00 4.212939747696489712e-01
-4.022902394824125483e-01 1.481546218094897505e+00 4.027378883040328983e-01
-4.078325215025197514e-01 1.497387249761831463e+00 3.833320986513846229e-01
-4.131707866650873306e-01 1.512078724128207208e+00 3.629840097610196881e-01
-4.180182485924812119e-01 1.525541034470849988e+00 3.416862549648923553e-01
-4.221036171830254147e-01 1.537787809410982476e+00 3.195177685462645689e-01
-4.252477813110774330e-01 1.548913417299435658e+00 2.966205765455141030e-01
-4.274085349087143881e-01 1.559062493262444171e+00 2.731626122753729735e-01
-4.286817442331760097e-01 1.568389992776444197e+00 2.492997253601939023e-01
-4.292612260586651796e-01 1.577022264358701520e+00 2.251483606340647925e-01
-4.293720693740565864e-01 1.585028550053725560e+00 2.007752694356946810e-01
-4.291994165554706142e-01 1.592408654378928423e+00 1.762042235856420280e-01
-4.288348599714423282e-01 1.599097555732865272e+00 1.514343311254341962e-01
-4.282559647099284938e-01 1.604983099583896289e+00 1.264618439332154953e-01
-4.273434313137666751e-01 1.609930025689370048e+00 1.012977930659048204e-01
-4.259286884924789462e-01 1.613803173134217950e+00 7.597670938283025699e-02
-4.238558683288960460e-01 1.616484609257420546e+00 5.055563866069549828e-02
-4.210386524798439001e-01 1.617882687216215754e+00 2.510606344953020957e-02
-4.174950642617518137e-01 1.617934301672162789e+00 -2.969100487973891996e-04
-4.133507168511612595e-01 1.616603655504232240e+00 -2.558394515367079861e-02
-4.088107502920825809e-01 1.613881021068328758e+00 -5.069693718755015344e-02
-4.041096692683070479e-01 1.609783421358938371e+00 -7.559013927572408309e-02
-3.994539841016441772e-01 1.604356717877075011e+00 -1.002281356873542251e-01
-3.949736109388523042e-01 1.597676464180213918e+00 -1.245823665786194717e-01
-3.906945291975592038e-01 1.589844110956601275e+00 -1.486274046561914808e-01
-3.865386279174338746e-01 1.580976198745831507e+00 -1.723372067487949355e-01
-3.823491237437753876e-01 1.571186740810338822e+00 -1.956808398366930990e-01
-3.779335526227726172e-01 1.560566102885346584e+00 -2.186172360810944848e-01
-3.731126877375912643e-01 1.549162051902055248e+00 -2.410894164813839058e-01
-3.677634370881679438e-01 1.536969196188127995e+00 -2.630198824381210221e-01
-3.618464691723236037e-01 1.523931334749340394e+00 -2.843097589202767672e-01
-3.554139206333100098e-01 1.509957671766630538e+00 -3.048441020057289785e-01
-3.485976509702785053e-01 1.494949561832182416e+00 -3.245042984641964279e-01
-3.415828205849111843e-01 1.478830899141560407e+00 -3.431860277291752803e-01
-3.345741837543401709e-01 1.461573730671538618e+00 -3.608186890654076495e-01
-3.277630635125722280e-01 1.443211782115267683e+00 -3.773805820854073678e-01
-3.213016930351836886e-01 1.423838059209148854e+00 -3.929042982356660274e-01
-3.152890330091142612e-01 1.403587428761834843e+00 -4.074689632826932750e-01
-3.097690605780671902e-01 1.382609548975942237e+00 -4.211796411424175712e-01
-3.047396285523170101e-01 1.361040250757629577e+00 -4.341382286799677082e-01
-3.001679247385888316e-01 1.338979604494245690e+00 -4.464131750028990098e-01
-2.960076909779211785e-01 1.316482457265803818e+00 -4.580162515828299918e-01
-2.922137717816505331e-01 1.293563073723085655e+00 -4.688929664161183841e-01
-2.887510440143796209e-01 1.270211082078864573e+00 -4.789294938553975145e-01
-2.855968762127877314e-01 1.246412676710393130e+00 -4.879743344135986649e-01
-2.827383738872637498e-01 1.222169960622213392e+00 -4.958687973582046604e-01
-2.801671756773767008e-01 1.197512638448820166e+00 -5.024780953860322752e-01
-2.778750275540211589e-01 1.172499384579061665e+00 -5.077150148396103457e-01
-2.758526409879439312e-01 1.147209930826391666e+00 -5.115506124971250790e-01
-2.740926802399254458e-01 1.121731932019994549e+00 -5.140102974106897094e-01
-2.725957047289899737e-01 1.096147996488328724e+00 -5.151577047169767498e-01
-2.713762645453783318e-01 1.070527585865677755e+00 -5.150717485376343774e-01
-2.704657767316308581e-01 1.044926194670659614e+00 -5.138234071782125101e-01
-2.699096240478328634e-01 1.019391250261496795e+00 -5.114580574825369208e-01
-2.697579429159659425e-01 9.939716317902739240e-01 -5.079870466496687609e-01
-2.700521367625707270e-01 9.687264618914265268e-01 -5.033895136912120982e-01
-2.708113044199287889e-01 9.437292217212036594e-01 -4.976230818027919667e-01
-2.720235928129243752e-01 9.190650183553559227e-01 -4.906404743412348113e-01
-2.736464563145085682e-01 8.948212713827908837e-01 -4.824084853815730489e-01
-2.756170741813759872e-01 8.710742960009023594e-01 -4.729258474774539756e-01
-2.778705652162973272e-01 8.478755210270445541e-01 -4.622370375702218870e-01
-2.803604139068262557e-01 8.252410726107358707e-01 -4.504396881683250808e-01
-2.830739648746912196e-01 8.031473277914398246e-01 -4.376839786845297953e-01
-2.860367552055127494e-01 7.815333026034854136e-01 -4.241633071568602920e-01
-2.893028008217148894e-01 7.603090196774219267e-01 -4.100968410803566555e-01
-2.929327759900808292e-01 7.393678127028640024e-01 -3.957061912051150765e-01
-2.969667028951601395e-01 7.186000976510110716e-01 -3.811901140033291946e-01
-3.014005495451911876e-01 6.979063892380575895e-01 -3.667022402793364000e-01
-3.061757745733992286e-01 6.772079724605564177e-01 -3.523367278906042732e-01
-3.111871307941030396e-01 6.564543226870732662e-01 -3.381251054821910462e-01
-3.163079235080454854e-01 6.356268920952854451e-01 -3.240446156760119489e-01
-3.214253580411826072e-01 6.147392218390270724e-01 -3.100348964111893646e-01
-3.264739032502493310e-01 5.938336213614984205e-01 -2.960170824504596010e-01
-3.314536095625441603e-01 5.729750258742537516e-01 -2.819085619388455588e-01
-3.364237860481492648e-01 5.522431381962258357e-01 -2.676283372955528539e-01
-3.414696149364543909e-01 5.317244428391532107e-01 -2.530919391849588695e-01
-3.466480838877583071e-01 5.115058741032161294e-01 -2.381998607671186596e-01
-3.519272539534343824e-01 4.916715575520251291e-01 -2.228276038755264699e-01
-3.571367551209145286e-01 4.723030396763356897e-01 -2.068267687965189838e-01
-3.619459925105339981e-01 4.534819919769629282e-01 -1.900440788363828570e-01
-3.658799767928148094e-01 4.352930352966015159e-01 -1.723590834694202212e-01
-3.683727536929917723e-01 4.178237195597328535e-01 -1.537332916441928321e-01
-3.688480277917595140e-01 4.011593124490543394e-01 -1.342564501879386640e-01
-3.668088934121692124e-01 3.853719831090403058e-01 -1.141725190761006536e-01
-3.619159342719967531e-01 3.705067378003275014e-01 -9.387054401130807968e-02
-3.540361053313635376e-01 3.565691055040640101e-01 -7.383417110575062059e-02
-3.432527304125416734e-01 3.435209192830945280e-01 -5.455592369551887089e-02
-3.298371523172262121e-01 3.312896753003872763e-01 -3.643481978486139833e-02
-3.141919531469893889e-01 3.197936293916480710e-01 -1.968415800484131853e-02
-2.967815170584161555e-01 3.089796738754443939e-01 -4.276967819745473333e-03
-2.780665924193546079e-01 2.988656184942569127e-01 1.005145534130829320e-02
-2.584556520045445671e-01 2.895746903624791813e-01 2.373964159385135234e-02
-2.382789745658330516e-01 2.813495591478146762e-01 3.728833823968831507e-02
-2.177840301485869656e-01 2.745368011883096426e-01 5.113011474896947406e-02
-1.971453955984940609e-01 2.695399527807675333e-01 6.551650806831281482e-02
-1.764805628999621956e-01 2.667483623913307067e-01 8.045571611335324003e-02
-1.558647308188906011e-01 2.664572591826994685e-01 9.572020121432332773e-02
-1.353417487331348978e-01 2.687990746562433642e-01 1.109233711589200644e-01
-1.149327826075723785e-01 2.737052033325436673e-01 1.256438405634340838e-01
-9.464700205685169787e-02 2.809107543417090902e-01 1.395611171052935084e-01
-7.449845684877232088e-02 2.900039337590367694e-01 1.525626722477613217e-01
-5.453038145216373284e-02 3.005094911881771025e-01 1.647906843300051272e-01
-3.484369572925158365e-02 3.119857698485400954e-01 1.766148396764989914e-01
-1.562240368593930707e-02 3.241104287592089239e-01 1.885398382767659586e-01
2.853209245704590568e-03 3.367324542966551593e-01 2.010756904671802403e-01
2.021317634384789050e-02 3.498771468863184908e-01 2.146094162474831701e-01
3.602723596226199004e-02 3.637038352907862593e-01 2.293151604698037693e-01
4.985367625404980851e-02 3.784293197049689583e-01 2.451267368798399349e-01
6.129837278036670556e-02 3.942395294122806315e-01 2.617766035967076799e-01
7.007122116393117717e-02 4.112147578096537748e-01 2.788848316616933110e-01
7.602727172001297329e-02 4.292892685672954900e-01 2.960673228621681363e-01
