3.269287012958794203e-01 -3.002295534244646125e-01 3.922046859633012694e-01
3.158440010101408735e-01 -3.189334840993973130e-01 4.051618149645730971e-01
3.064318837320351707e-01 -3.383761635754880537e-01 4.183457596428444836e-01
2.987670066734128271e-01 -3.583554703877874781e-01 4.318544794156476962e-01
2.929274683201733009e-01 -3.786823615909268304e-01 4.457564458591671275e-01
2.889985398939127759e-01 -3.991803060127099845e-01 4.600789376805874409e-01
2.870689771047578720e-01 -4.196846841475708745e-01 4.747994015555035419e-01
2.872205423193222584e-01 -4.400437034880226861e-01 4.898422349130706066e-01
2.895132298851442743e-01 -4.601212324830553646e-01 5.050823761182067217e-01
2.939699010300650395e-01 -4.798008921441435648e-01 5.203558286694744961e-01
3.005642323747615419e-01 -4.989901576034510011e-01 5.354759227012846345e-01
3.092150186514469601e-01 -5.176232601180954518e-01 5.502529557536610660e-01
3.197882296156294157e-01 -5.356622153273408182e-01 5.645140697999269097e-01
3.321063115672702182e-01 -5.530960178636267210e-01 5.781199922284455672e-01
3.459626029568670380e-01 -5.699385817751149164e-01 5.909757019659137578e-01
3.611378270394647316e-01 -5.862261382152076372e-01 6.030331680113230064e-01
3.774156016895346411e-01 -6.020145106617093012e-01 6.142858845893939268e-01
3.945946506765774520e-01 -6.173761702069546775e-01 6.247566816087031238e-01
4.124965783723674728e-01 -6.323965399986933855e-01 6.344818065749262548e-01
4.309692654686955171e-01 -6.471689449806752314e-01 6.434951382041803614e-01
4.498868070330052649e-01 -6.617879981261803879e-01 6.518163098875922046e-01
4.691472693039565600e-01 -6.763419546287647854e-01 6.594454350040678259e-01
4.886694169577097124e-01 -6.909053380766388974e-01 6.663652669649591243e-01
5.083891475140329685e-01 -7.055335719318674981e-01 6.725494814856894932e-01
5.282559161043671736e-01 -7.202611614880147783e-01 6.779739558078176076e-01
5.482291491681746676e-01 -7.351041253045863533e-01 6.826270072416426027e-01
5.682746171603050289e-01 -7.500661064978637604e-01 6.865148707742684264e-01
5.883609146457986494e-01 -7.651463445557125098e-01 6.896602060093313113e-01
6.084564362993200026e-01 -7.803469432134017003e-01 6.920937073854851462e-01
6.285273753198659108e-01 -7.956769671236272323e-01 6.938412536742981640e-01
6.485372001202719394e-01 -8.111518822101678738e-01 6.949107120152352435e-01
6.684477814050553413e-01 -8.267884289614241267e-01 6.952829258376435062e-01
6.882219389231898354e-01 -8.425966455212393624e-01 6.949103629630957180e-01
7.078268014773190231e-01 -8.585718441160242742e-01 6.937246456033763220e-01
7.272371578974582418e-01 -8.746894646905114534e-01 6.916513980414625840e-01
7.464379849027005243e-01 -8.909047982943500976e-01 6.886284051343135593e-01
7.654255452127136650e-01 -9.071578943234821502e-01 6.846217778024208389e-01
7.842067625460394931e-01 -9.233821374589791242e-01 6.796351362230365067e-01
8.027968871657997774e-01 -9.395136783445103834e-01 6.737087132340356943e-01
8.212156895314374205e-01 -9.554986282686220855e-01 6.669082097855768554e-01
8.394825503126499555e-01 -9.712958109494190806e-01 6.593063154853739949e-01
8.576109030306614534e-01 -9.868745951378731229e-01 6.509620845424247682e-01
8.756026009311015379e-01 -1.002209264046123316e+00 6.419041087862528139e-01
8.934429564379384736e-01 -1.017272761928872837e+00 6.321224001979396379e-01
9.110973971373219626e-01 -1.032032925578526772e+00 6.215713836593876884e-01
9.285107760106966479e-01 -1.046453299411125304e+00 6.101831663454061472e-01
9.456102120776946895e-01 -1.060498680004484662e+00 5.978872762844156252e-01
9.623118120783874518e-01 -1.074143363507812143e+00 5.846312457760183268e-01
9.785307482186860195e-01 -1.087378536533803119e+00 5.703962863954760154e-01
9.941931178030382066e-01 -1.100215030145380357e+00 5.552038659011736543e-01
1.009247102525512085e+00 -1.112678962249125325e+00 5.391117407882088930e-01
1.023670539962857173e+00 -1.124800269885030790e+00 5.222010633392376588e-01
1.037472393520687763e+00 -1.136596945878616038e+00 5.045586414910365747e-01
1.050686823698053107e+00 -1.148059910654560145e+00 4.862595767335312069e-01
1.063360406055347207e+00 -1.159144005672962940e+00 4.673550630388639826e-01
1.075535036803225930e+00 -1.169769225347755626e+00 4.478683186435988839e-01
1.087230610151295407e+00 -1.179833312608808971e+00 4.277990665895918809e-01
1.098432094058694242e+00 -1.189233137524439377e+00 4.071344925116086033e-01
1.109084875682384119e+00 -1.197889088289156412e+00 3.858629286458354346e-01
1.119100278947506633e+00 -1.205765167459019294e+00 3.639860826046116271e-01
1.128370453419685671e+00 -1.212878247253662334e+00 3.415264745565150251e-01
1.136789151068580805e+00 -1.219292895358507822e+00 3.185285006940953845e-01
1.144273055162718933e+00 -1.225102488495025455e+00 2.950535894268127568e-01
1.150777911750396676e+00 -1.230401642570331910e+00 2.711716084037205099e-01
1.156304939731721770e+00 -1.235257901162411187e+00 2.469515346060349448e-01
1.160895568620769147e+00 -1.239691140414019399e+00 2.224542419547534955e-01
1.164615759580052590e+00 -1.243667021522187444e+00 1.977292495094208069e-01
1.167534077055505604e+00 -1.247106658929152845e+00 1.728158174427025240e-01
1.169699435976323310e+00 -1.249909753192649742e+00 1.477473826710118954e-01
1.171124529240749945e+00 -1.251984308463687912e+00 1.225574219224845746e-01
1.171779318295667505e+00 -1.253274027012073910e+00 9.728464366532171836e-02
1.171596130295770255e+00 -1.253775196089161659e+00 7.197591371471652455e-02
1.170484689874810691e+00 -1.253538128770327775e+00 4.668626721283212350e-02
1.168352759289399856e+00 -1.252652961062411308e+00 2.147639316716083366e-02
1.165126714526178109e+00 -1.251224345664382565e+00 -3.591246498503548965e-03
1.160766682965410190e+00 -1.249342838660561616e+00 -2.845620177528137423e-02
1.155272649096330317e+00 -1.247061560863052421e+00 -5.306247564939142736e-02
1.148680610205614405e+00 -1.244384842147572945e+00 -7.735896778144650543e-02
1.141050616835018516e+00 -1.241271680750872575e+00 -1.012980009386110214e-01
1.132450575363262768e+00 -1.237652240663049907e+00 -1.248326286253699513e-01
1.122940497179889530e+00 -1.233451731934590789e+00 -1.479137395886422068e-01
1.112561325149210134e+00 -1.228614053564829778e+00 -1.704879265943226585e-01
1.101330832357538592e+00 -1.223118060966691845e+00 -1.924967349958442986e-01
1.089246935046215503e+00 -1.216981989042991374e+00 -2.138774029954030875e-01
1.076296746822290595e+00 -1.210255476443050870e+00 -2.345647313539499235e-01
1.062468369135715740e+00 -1.203002504199946365e+00 -2.544934243976998967e-01
1.047762050402807121e+00 -1.195281167741017114e+00 -2.736001996954679494e-01
1.032197930858997248e+00 -1.187126792540297071e+00 -2.918251549115549737e-01
1.015818838892929454e+00 -1.178543408137056936e+00 -3.091122182007435271e-01
9.986880913180097297e-01 -1.169505609379016819e+00 -3.254088673419864852e-01
9.808835483819232648e-01 -1.159969396461813629e+00 -3.406655624542022642e-01
9.624899754613230884e-01 -1.149887820809367245e+00 -3.548354186905348095e-01
9.435919381867611255e-01 -1.139226016073304759e+00 -3.678745309681969999e-01
9.242690553846067969e-01 -1.127970771134873429e+00 -3.797430969204023121e-01
9.045946323616554929e-01 -1.116131909538136568e+00 -3.904071576999890159e-01
8.846377310520097126e-01 -1.103735607221880244e+00 -3.998404993847282096e-01
8.644678322128906967e-01 -1.090812437411394775e+00 -4.080261289946449099e-01
8.441605893151192808e-01 -1.077384529973838934e+00 -4.149568161564972657e-01
8.238028810961512960e-01 -1.063456311086269368e+00 -4.206344709662111492e-01
8.034954917072180125e-01 -1.049011898808969834e+00 -4.250685406382543885e-01
7.833522715550763627e-01 -1.034019890181415713e+00 -4.282740274114230083e-01
7.634954780118798912e-01 -1.018443783043415207e+00 -4.302700084836088013e-01
7.440480100026655164e-01 -1.002254440225668786e+00 -4.310795446664944519e-01
7.251242138907333379e-01 -9.854403918411211993e-01 -4.307315324869873119e-01
7.068215926823515627e-01 -9.680125426530872268e-01 -4.292644203396869251e-01
6.892158606378399055e-01 -9.500017278226255968e-01 -4.267309204941395206e-01
6.723612146131137113e-01 -9.314499305764077919e-01 -4.232021398626888420e-01
6.562964767125385457e-01 -9.123980941992110294e-01 -4.187691853395579256e-01
6.410561398514457165e-01 -8.928746770165018054e-01 -4.135404811775350575e-01
6.266837335252181118e-01 -8.728890442614862799e-01 -4.076338371720237275e-01
6.132438124971975046e-01 -8.524324768271462904e-01 -4.011636107559886089e-01
6.008286758605264621e-01 -8.314873807985742049e-01 -3.942248112903883328e-01
5.895568447171097848e-01 -8.100428284710401439e-01 -3.868772778579378513e-01
5.795622366487969135e-01 -7.881125445165730881e-01 -3.791336953065537196e-01
5.709754186494081507e-01 -7.657504399611497758e-01 -3.709549021163761617e-01
5.639006198378681001e-01 -7.430590865002507650e-01 -3.622546391305386804e-01
5.583936379846536902e-01 -7.201880595327938561e-01 -3.529138368996018738e-01
5.544458781799732616e-01 -6.973214738737447682e-01 -3.428022423521723816e-01
5.519784003994910870e-01 -6.746566773662966421e-01 -3.318032696642140289e-01
5.508473612573773215e-01 -6.523782736257727199e-01 -3.198369952649758319e-01
5.508593252846470945e-01 -6.306328453950096335e-01 -3.068765326412929983e-01
5.517924688891266971e-01 -6.095096336523119218e-01 -2.929545872175475241e-01
5.534184665198821351e-01 -5.890310269061794779e-01 -2.781593971512986707e-01
5.555202207748817234e-01 -5.691544001462947033e-01 -2.626218341188340522e-01
5.579024449399871965e-01 -5.497842268095413099e-01 -2.464974207759133007e-01
5.603948021993112594e-01 -5.307911630983278561e-01 -2.299478350974101526e-01
5.628499253941718905e-01 -5.120335555740357369e-01 -2.131258911358599462e-01
5.651402661249974591e-01 -4.933768582943851011e-01 -1.961662295822101110e-01
5.671577570527454037e-01 -4.747077043880773006e-01 -1.791816251193999732e-01
5.688186634629190941e-01 -4.559414400200692552e-01 -1.622627246420842440e-01
5.700732791943236011e-01 -4.370241360473777203e-01 -1.454779106586867876e-01
5.709172413999504814e-01 -4.179317381175776669e-01 -1.288702609302275204e-01
5.713992641428163877e-01 -3.986695659823303317e-01 -1.124501986567784106e-01
5.716198379144087349e-01 -3.792746420505286875e-01 -9.618486940449151590e-02
5.717171837890188124e-01 -3.598215548033570355e-01 -7.998769167853471418e-02
5.718400983550923078e-01 -3.404303467528091987e-01 -6.371300722364123259e-02
5.721113271521338639e-01 -3.212730469168223468e-01 -4.716065484518128237e-02
5.725885351227981701e-01 -3.025746666657064821e-01 -3.009344030283692822e-02
5.732316921829041512e-01 -2.846051567396960524e-01 -1.226727345353571114e-02
5.738851239001754312e-01 -2.676609238917419531e-01 6.529939545551546876e-03
5.742796406706504042e-01 -2.520374852508676100e-01 2.643764111981304621e-02
5.740557826932273233e-01 -2.379978138088536255e-01 4.748870052024467547e-02
5.728044893309035546e-01 -2.257429399360554034e-01 6.959009524639694910e-02
5.701177001756392304e-01 -2.153916912618345225e-01 9.252335350033166761e-02
5.656395067475494809e-01 -2.069748241040045011e-01 1.159657639266160750e-01
5.591089033519439644e-01 -2.004455569971833606e-01 1.395288329147768569e-01
5.503876631613581205e-01 -1.957045051053686591e-01 1.628067464035394540e-01
5.394705656668603577e-01 -1.926333491491234728e-01 1.854256229082034968e-01
5.264790297631898319e-01 -1.911293072049258246e-01 2.070845856771398596e-01
5.116421512214019973e-01 -1.911322798012779212e-01 2.275819860321836585e-01
4.952705746338638138e-01 -1.926384806490777923e-01 2.468237878143730302e-01
4.777284528913690043e-01 -1.956978982467822981e-01 2.648151633999539789e-01
4.594073661085331661e-01 -2.003970535929910368e-01 2.816397212181190324e-01
4.407041941574554311e-01 -2.068320738599449538e-01 2.974327122646307497e-01
4.220032952792994729e-01 -2.150791386193900423e-01 3.123547295776341048e-01
4.036624379997556522e-01 -2.251694007425435462e-01 3.265709963515817660e-01
3.860018846699977968e-01 -2.370736667647575513e-01 3.402389062716236756e-01
3.692965770975788486e-01 -2.506991022117112111e-01 3.535037978392045477e-01
3.537720426744335733e-01 -2.658969674571157737e-01 3.665007383116591355e-01
3.396049296509617843e-01 -2.824778369806176803e-01 3.793588585865431684e-01
