-7.918361689694788930e-02 4.482554904619133751e-01 -3.130287434605792396e-01
-7.970925394919775586e-02 4.678097012148749734e-01 -3.296131540808767690e-01
-7.789177285372353432e-02 4.876241054540995656e-01 -3.458011547647754091e-01
-7.408978286625499121e-02 5.074231211141038145e-01 -3.616608885179533606e-01
-6.868212163345413512e-02 5.270414935185900873e-01 -3.772751374275542524e-01
-6.202380126199419363e-02 5.464483697218757152e-01 -3.926731682206751617e-01
-5.441514188653824580e-02 5.657324378792012443e-01 -4.077921870494071177e-01
-4.608613183783018263e-02 5.850551242927992668e-01 -4.224810692842274062e-01
-3.719431692291253616e-02 6.045879643133664771e-01 -4.365430794054362962e-01
-2.783251287247558159e-02 6.244539663678181363e-01 -4.498003337332389107e-01
-1.804253199231170904e-02 6.446902291565879128e-01 -4.621555904955074734e-01
-7.832257059638773541e-03 6.652414015969086991e-01 -4.736287945262550592e-01
2.805324626425409907e-03 6.859834724042155329e-01 -4.843556010259010836e-01
1.387208354620099275e-02 7.067681192195446327e-01 -4.945490193742417828e-01
2.534545519171405026e-02 7.274722431392547373e-01 -5.044382074286818396e-01
3.716321262793353952e-02 7.480368434203334971e-01 -5.142057386729147472e-01
4.921690263451611314e-02 7.684838232624969789e-01 -5.239439862652651714e-01
6.135832864381075835e-02 7.889069214053707757e-01 -5.336432242165043416e-01
7.342104793085771353e-02 8.094411447678703242e-01 -5.432118981868736540e-01
8.525447528654633844e-02 8.302212757461996384e-01 -5.525179086094452741e-01
9.676312159522626466e-02 8.513425193732528928e-01 -5.614329543387334143e-01
1.079396716077357238e-01 8.728347157050856397e-01 -5.698623525376943499e-01
1.188798904420473035e-01 8.946566552958679086e-01 -5.777498777774419114e-01
1.297707559769905317e-01 9.167106832721496623e-01 -5.850581128946531484e-01
1.408503398149642538e-01 9.388719903389906030e-01 -5.917352516070123469e-01
1.523469108349528034e-01 9.610233883174017500e-01 -5.976851706639964013e-01
1.644126363446598016e-01 9.830857206178005292e-01 -6.027566125638247341e-01
1.770711889150456131e-01 1.005036161938560602e+00 -6.067598326234039385e-01
1.901966404818582757e-01 1.026910552604797688e+00 -6.095079007932745485e-01
2.035331762404969658e-01 1.048790281942537428e+00 -6.108692704347751246e-01
2.167533718849587732e-01 1.070777879276687106e+00 -6.108123322190682769e-01
2.295405791382145178e-01 1.092967625171272994e+00 -6.094238697074786382e-01
2.416723446107832962e-01 1.115417950461399688e+00 -6.068914353155215879e-01
2.530798568985816455e-01 1.138131404458518459e+00 -6.034519294861732108e-01
2.638642853285865786e-01 1.161046053563316693e+00 -5.993207722157276596e-01
2.742631402257085238e-01 1.184039842356321426e+00 -5.946236557586046523e-01
2.845748606686847593e-01 1.206947106436277117e+00 -5.893531438199409722e-01
2.950630274075517478e-01 1.229584312916708111e+00 -5.833650641532153180e-01
3.058686120621977866e-01 1.251780386980828830e+00 -5.764171069664048019e-01
3.169570487272766468e-01 1.273405851412872547e+00 -5.682384885634248484e-01
3.281168968316564571e-01 1.294394719150689488e+00 -5.586095204218263222e-01
3.390114071399862872e-01 1.314753906510397252e+00 -5.474267721814121135e-01
3.492681697964661325e-01 1.334557012358668748e+00 -5.347342198058462337e-01
3.585802780391600941e-01 1.353922471941785499e+00 -5.207116698610620986e-01
3.667888134137936018e-01 1.372979787781594130e+00 -5.056251628059668102e-01
3.739221271050117701e-01 1.391830873691234149e+00 -4.897555662465405413e-01
3.801805924913276846e-01 1.410515517372195937e+00 -4.733275312138839896e-01
3.858720905751606423e-01 1.428989782229120209e+00 -4.564597227031937376e-01
3.913182712272120223e-01 1.447123574240678945e+00 -4.391495128664315017e-01
3.967600386449100514e-01 1.464719055326166641e+00 -4.212939747696489712e-01
4.022902394824123817e-01 1.481546218094897505e+00 -4.027378883040328983e-01
4.078325215025195849e-01 1.497387249761831463e+00 -3.833320986513846229e-01
4.131707866650871641e-01 1.512078724128207208e+00 -3.629840097610196881e-01
4.180182485924810454e-01 1.525541034470849988e+00 -3.416862549648923553e-01
4.221036171830252481e-01 1.537787809410982476e+00 -3.195177685462645689e-01
4.252477813110772664e-01 1.548913417299435658e+00 -2.966205765455141030e-01
4.274085349087142216e-01 1.559062493262444171e+00 -2.731626122753729735e-01
4.286817442331758432e-01 1.568389992776444197e+00 -2.492997253601939023e-01
4.292612260586650130e-01 1.577022264358701520e+00 -2.251483606340647925e-01
4.293720693740564198e-01 1.585028550053725560e+00 -2.007752694356946810e-01
4.291994165554703922e-01 1.592408654378928423e+00 -1.762042235856420280e-01
4.288348599714421061e-01 1.599097555732865272e+00 -1.514343311254341962e-01
4.282559647099282718e-01 1.604983099583896289e+00 -1.264618439332154953e-01
4.273434313137664531e-01 1.609930025689370048e+00 -1.012977930659048204e-01
4.259286884924787242e-01 1.613803173134217950e+00 -7.597670938283025699e-02
4.238558683288958240e-01 1.616484609257420546e+00 -5.055563866069549828e-02
4.210386524798436780e-01 1.617882687216215754e+00 -2.510606344953020957e-02
4.174950642617515917e-01 1.617934301672162789e+00 2.969100487973891996e-04
4.133507168511610375e-01 1.616603655504232240e+00 2.558394515367079861e-02
4.088107502920823588e-01 1.613881021068328758e+00 5.069693718755015344e-02
4.041096692683068259e-01 1.609783421358938371e+00 7.559013927572408309e-02
3.994539841016439552e-01 1.604356717877075011e+00 1.002281356873542251e-01
3.949736109388520822e-01 1.597676464180213918e+00 1.245823665786194717e-01
3.906945291975589818e-01 1.589844110956601275e+00 1.486274046561914808e-01
3.865386279174337081e-01 1.580976198745831507e+00 1.723372067487949355e-01
3.823491237437752210e-01 1.571186740810338822e+00 1.956808398366930990e-01
3.779335526227724507e-01 1.560566102885346584e+00 2.186172360810944848e-01
3.731126877375910977e-01 1.549162051902055248e+00 2.410894164813839058e-01
3.677634370881677772e-01 1.536969196188127995e+00 2.630198824381210221e-01
3.618464691723234372e-01 1.523931334749340394e+00 2.843097589202767672e-01
3.554139206333098433e-01 1.509957671766630538e+00 3.048441020057289785e-01
3.485976509702783388e-01 1.494949561832182416e+00 3.245042984641964279e-01
3.415828205849110177e-01 1.478830899141560407e+00 3.431860277291752803e-01
3.345741837543400043e-01 1.461573730671538618e+00 3.608186890654076495e-01
3.277630635125720615e-01 1.443211782115267683e+00 3.773805820854073678e-01
3.213016930351835221e-01 1.423838059209148854e+00 3.929042982356660274e-01
3.152890330091140947e-01 1.403587428761834843e+00 4.074689632826932750e-01
3.097690605780670237e-01 1.382609548975942237e+00 4.211796411424175712e-01
3.047396285523168435e-01 1.361040250757629577e+00 4.341382286799677082e-01
3.001679247385886651e-01 1.338979604494245690e+00 4.464131750028990098e-01
2.960076909779210119e-01 1.316482457265803818e+00 4.580162515828299918e-01
2.922137717816503666e-01 1.293563073723085655e+00 4.688929664161183841e-01
2.887510440143794543e-01 1.270211082078864573e+00 4.789294938553975145e-01
2.855968762127875649e-01 1.246412676710393130e+00 4.879743344135986649e-01
2.827383738872635832e-01 1.222169960622213392e+00 4.958687973582046604e-01
2.801671756773765343e-01 1.197512638448820166e+00 5.024780953860322752e-01
2.778750275540209924e-01 1.172499384579061665e+00 5.077150148396103457e-01
2.758526409879437646e-01 1.147209930826391666e+00 5.115506124971250790e-01
2.740926802399253348e-01 1.121731932019994549e+00 5.140102974106897094e-01
2.725957047289898627e-01 1.096147996488328724e+00 5.151577047169767498e-01
2.713762645453782207e-01 1.070527585865677755e+00 5.150717485376343774e-01
2.704657767316307471e-01 1.044926194670659614e+00 5.138234071782125101e-01
2.699096240478327524e-01 1.019391250261496795e+00 5.114580574825369208e-01
2.697579429159658315e-01 9.939716317902739240e-01 5.079870466496687609e-01
2.700521367625706159e-01 9.687264618914265268e-01 5.033895136912120982e-01
2.708113044199286779e-01 9.437292217212036594e-01 4.976230818027919667e-01
2.720235928129242642e-01 9.190650183553559227e-01 4.906404743412348113e-01
2.736464563145084572e-01 8.948212713827908837e-01 4.824084853815730489e-01
2.756170741813758762e-01 8.710742960009023594e-01 4.729258474774539756e-01
2.778705652162972162e-01 8.478755210270445541e-01 4.622370375702218870e-01
2.803604139068261447e-01 8.252410726107358707e-01 4.504396881683250808e-01
2.830739648746911086e-01 8.031473277914398246e-01 4.376839786845297953e-01
2.860367552055126383e-01 7.815333026034854136e-01 4.241633071568602920e-01
2.893028008217147784e-01 7.603090196774219267e-01 4.100968410803566555e-01
2.929327759900807182e-01 7.393678127028640024e-01 3.957061912051150765e-01
2.969667028951600285e-01 7.186000976510110716e-01 3.811901140033291946e-01
3.014005495451910766e-01 6.979063892380575895e-01 3.667022402793364000e-01
3.061757745733991731e-01 6.772079724605564177e-01 3.523367278906042732e-01
3.111871307941029841e-01 6.564543226870732662e-01 3.381251054821910462e-01
3.163079235080454299e-01 6.356268920952854451e-01 3.240446156760119489e-01
3.214253580411825517e-01 6.147392218390270724e-01 3.100348964111893646e-01
3.264739032502492755e-01 5.938336213614984205e-01 2.960170824504596010e-01
3.314536095625441048e-01 5.729750258742537516e-01 2.819085619388455588e-01
3.364237860481492093e-01 5.522431381962258357e-01 2.676283372955528539e-01
3.414696149364543354e-01 5.317244428391532107e-01 2.530919391849588695e-01
3.466480838877582515e-01 5.115058741032161294e-01 2.381998607671186596e-01
3.519272539534343269e-01 4.916715575520251846e-01 2.228276038755264699e-01
3.571367551209144731e-01 4.723030396763357452e-01 2.068267687965189838e-01
3.619459925105339426e-01 4.534819919769629837e-01 1.900440788363828570e-01
3.658799767928147539e-01 4.352930352966015715e-01 1.723590834694202212e-01
3.683727536929917168e-01 4.178237195597329090e-01 1.537332916441928321e-01
3.688480277917594585e-01 4.011593124490543949e-01 1.342564501879386640e-01
3.668088934121691569e-01 3.853719831090403614e-01 1.141725190761006536e-01
3.619159342719966976e-01 3.705067378003275569e-01 9.387054401130807968e-02
3.540361053313634820e-01 3.565691055040640656e-01 7.383417110575062059e-02
3.432527304125416179e-01 3.435209192830945835e-01 5.455592369551887089e-02
3.298371523172261566e-01 3.312896753003873318e-01 3.643481978486139833e-02
3.141919531469893334e-01 3.197936293916481265e-01 1.968415800484131853e-02
2.967815170584161000e-01 3.089796738754444494e-01 4.276967819745473333e-03
2.780665924193545524e-01 2.988656184942569682e-01 -1.005145534130829320e-02
2.584556520045445116e-01 2.895746903624792368e-01 -2.373964159385135234e-02
2.382789745658330238e-01 2.813495591478147317e-01 -3.728833823968831507e-02
2.177840301485869379e-01 2.745368011883096426e-01 -5.113011474896947406e-02
1.971453955984940332e-01 2.695399527807675333e-01 -6.551650806831281482e-02
1.764805628999621678e-01 2.667483623913307067e-01 -8.045571611335324003e-02
1.558647308188905733e-01 2.664572591826994685e-01 -9.572020121432332773e-02
1.353417487331348701e-01 2.687990746562433642e-01 -1.109233711589200644e-01
1.149327826075723508e-01 2.737052033325436673e-01 -1.256438405634340838e-01
9.464700205685167012e-02 2.809107543417090902e-01 -1.395611171052935084e-01
7.449845684877227925e-02 2.900039337590367694e-01 -1.525626722477613217e-01
5.453038145216369814e-02 3.005094911881771025e-01 -1.647906843300051272e-01
3.484369572925154201e-02 3.119857698485400954e-01 -1.766148396764989914e-01
1.562240368593926718e-02 3.241104287592089239e-01 -1.885398382767659586e-01
-2.853209245704631768e-03 3.367324542966551593e-01 -2.010756904671802403e-01
-2.021317634384793213e-02 3.498771468863184908e-01 -2.146094162474831701e-01
-3.602723596226203168e-02 3.637038352907862593e-01 -2.293151604698037693e-01
-4.985367625404985709e-02 3.784293197049689583e-01 -2.451267368798399349e-01
-6.129837278036675413e-02 3.942395294122806315e-01 -2.617766035967076799e-01
-7.007122116393123268e-02 4.112147578096537748e-01 -2.788848316616933110e-01
-7.602727172001302880e-02 4.292892685672954900e-01 -2.960673228621681363e-01
